[-0.01414355 -0.02178036 -0.02445884 ... -0.16799056 -0.09574122
  -0.03467508]
[2 7 9 ... 1 8 5
[-0.01414355 -0.02178036 -0.02445884 ... -0.16799056 -0.09574122
  -0.03467508]
[4 5 6 ... 9 0 0]
[-0.01414355 -0.02178036 -0.02445884 ... -0.16799056 -0.09574122
  -0.03467508]
[-1 -1 -1 ... -1 -1 -1]

[-0.01341762 -0.02066217 -0.02378436 ... -0.16669942 -0.09439763
  -0.03503079]] 
[4 2 4 ... 0 6 6]
[-0.01341762 -0.02066217 -0.02378436 ... -0.16669942 -0.09439763
  -0.03503079]] 
[5 2 5 ... 0 5 5]
[-0.01341762 -0.02066217 -0.02378436 ... -0.16669942 -0.09439763
  -0.03503079]] 
[-1 -1 -1 ... -1 -1 -1]